[36,27,231,0]
[37,164,255,2]
[38,223,221,4]
[0,181,76,6]
[92,166,0,8]
[200,136,1,10]
[180,38,51,12]
[140,17,57,14]
[38,27,237,0]
[30,143,247,2]
[0,242,254,4]
[73,183,77,6]
[182,184,10,8]
[166,87,60,10]
[157,69,99,12]
[110,23,73,14]
[37,28,238,0]
[17,198,248,2]
[50,210,180,4]
[73,183,77,6]
[107,180,34,8]
[205,144,70,10]
[162,81,90,12]
[131,44,70,14]
[35,29,236,0]
[18,197,248,2]
[50,210,180,4]
[73,183,77,6]
[106,178,34,8]
[200,144,73,10]
[162,81,90,12]
[131,44,70,14]
[32,20,255,0]
[0,165,254,2]
[1,225,220,4]
[0,183,1,6]
[84,166,0,8]
[204,139,1,10]
[185,33,52,12]
[145,8,62,14]
[24,23,241,0]
[0,198,250,2]
[25,212,180,4]
[67,185,72,6]
[104,181,16,8]
[207,143,65,10]
[164,78,90,12]
[133,41,70,14]
[37,28,238,0]
[18,197,248,2]
[50,210,180,4]
[77,183,76,6]
[107,180,34,8]
[205,144,70,10]
[162,81,90,12]
[131,44,70,14]
[46,30,191,0]
[51,90,229,2]
[68,179,252,4]
[62,200,142,6]
[117,182,43,8]
[196,160,30,10]
[145,57,43,12]
[98,34,39,14]
[24,23,241,0]
[0,198,250,2]
[25,212,180,4]
[67,185,72,6]
[104,181,16,8]
[207,143,65,10]
[164,78,90,12]
[133,41,70,14]
[24,23,241,0]
[0,198,250,2]
[25,212,180,4]
[67,185,72,6]
[104,181,16,8]
[207,143,65,10]
[164,78,90,12]
[133,41,70,14]
[58,0,219,0]
[20,161,236,2]
[0,218,181,4]
[1,179,60,6]
[92,169,1,8]
[202,133,0,10]
[196,58,40,12]
[143,32,64,14]
[24,23,241,0]
[0,198,250,2]
[25,212,180,4]
[67,185,72,6]
[104,181,16,8]
[207,143,65,10]
[164,78,90,12]
[133,41,70,14]
[26,0,224,0]
[0,123,219,2]
[0,250,245,4]
[21,224,143,6]
[206,206,0,8]
[248,91,17,10]
[241,20,58,12]
[173,0,62,14]
[23,39,135,0]
[30,27,213,2]
[29,126,240,4]
[30,203,173,6]
[59,137,0,8]
[205,144,70,10]
[146,47,55,12]
[70,16,29,14]
[36,27,231,0]
[37,164,255,2]
[38,223,221,4]
[0,181,76,6]
[90,166,1,8]
[198,136,0,10]
[180,37,52,12]
[140,17,57,14]
[42,44,98,0]
[43,44,184,2]
[40,82,219,4]
[0,193,232,6]
[124,220,184,8]
[70,143,70,10]
[194,124,1,12]
[111,22,41,14]
[1,0,103,0]
[1,0,204,2]
[0,102,255,4]
[0,204,255,6]
[0,255,204,8]
[52,205,0,10]
[153,101,0,12]
[154,0,1,14]
[24,23,241,0]
[0,196,250,2]
[25,212,180,4]
[67,185,72,6]
[104,181,16,8]
[207,143,65,10]
[164,78,90,12]
[133,41,70,14]
[0,0,254,2]
[1,170,255,4]
[1,255,170,6]
[255,168,0,8]
[254,0,255,10]
[109,42,109,12]
[84,0,55,14]
[28,34,241,0]
[1,201,248,2]
[2,212,182,4]
[61,183,75,6]
[101,181,28,8]
[209,143,65,10]
[167,80,90,12]
[136,40,70,14]
[0,124,255,2]
[0,211,255,4]
[119,251,211,6]
[0,211,168,8]
[146,146,0,10]
[209,126,58,12]
[142,43,111,14]
[16,0,208,0]
[0,110,205,2]
[0,223,228,4]
[14,201,132,6]
[131,182,0,8]
[157,81,15,10]
[153,19,55,12]
[110,0,58,14]
[0,0,154,0]
[2,0,254,2]
[1,170,255,4]
[0,230,153,6]
[22,174,45,8]
[66,117,29,10]
[110,59,16,12]
[156,0,1,14]
[28,34,241,0]
[1,199,251,2]
[0,213,180,4]
[61,184,74,6]
[101,182,26,8]
[205,143,65,10]
[166,80,90,12]
[134,41,70,14]
[63,0,237,0]
[19,169,247,2]
[1,230,191,4]
[0,182,62,6]
[94,173,0,8]
[202,133,0,10]
[210,63,43,12]
[157,35,73,14]
[57,1,208,0]
[20,162,245,2]
[0,222,184,4]
[0,173,59,6]
[93,171,0,8]
[201,132,0,10]
[207,62,41,12]
[132,30,58,14]
[59,1,213,0]
[19,156,232,2]
[1,215,179,4]
[0,180,65,6]
[88,164,0,8]
[204,133,19,10]
[214,63,43,12]
[157,35,71,14]
[65,0,239,0]
[21,170,250,2]
[0,231,192,4]
[0,184,64,6]
[96,175,0,8]
[209,137,0,10]
[213,65,43,12]
[160,36,72,14]
[65,0,239,0]
[21,170,250,2]
[0,231,192,4]
[0,184,64,6]
[96,175,0,8]
[209,137,0,10]
[213,65,43,12]
[160,36,72,14]
[32,28,231,0]
[17,197,249,2]
[50,213,182,4]
[73,182,80,6]
[107,180,34,8]
[206,144,73,10]
[162,80,85,12]
[131,44,70,14]
[38,27,237,0]
[18,197,248,2]
[50,210,180,4]
[72,182,76,6]
[107,180,34,8]
[205,144,70,10]
[162,81,90,12]
[117,33,62,14]
[22,91,230,2]
[0,241,250,4]
[59,182,84,6]
[48,107,33,8]
[230,171,72,10]
[150,37,97,12]
[78,0,31,14]
[23,93,230,2]
[0,241,250,4]
[58,184,84,6]
[47,105,34,8]
[230,171,72,10]
[175,88,132,12]
[114,52,82,14]
[20,92,230,2]
[1,240,249,4]
[56,182,82,6]
[47,105,34,8]
[230,171,72,10]
[150,37,97,12]
[78,0,31,14]
[37,28,238,0]
[17,198,248,2]
[51,211,181,4]
[73,183,77,6]
[107,180,34,8]
[205,144,70,10]
[160,80,87,12]
[131,44,70,14]
[24,23,241,0]
[0,198,250,2]
[25,212,180,4]
[67,185,72,6]
[104,181,16,8]
[207,143,65,10]
[164,78,90,12]
[133,41,70,14]
[38,27,237,0]
[18,197,248,2]
[50,210,180,4]
[73,183,77,6]
[107,180,34,8]
[205,144,70,10]
[162,81,90,12]
[117,33,62,14]
[37,27,234,0]
[18,197,248,2]
[50,210,180,4]
[73,183,77,6]
[107,180,34,8]
[200,141,69,10]
[162,81,90,12]
[118,34,63,14]
[0,0,224,2]
[1,125,255,4]
[1,240,255,6]
[0,200,169,8]
[78,150,0,10]
[213,176,12,12]
[239,11,110,14]
[36,28,235,0]
[58,141,246,2]
[65,242,255,4]
[77,193,123,6]
[206,170,0,8]
[156,71,49,10]
[146,49,129,12]
[168,102,184,14]
[38,27,237,0]
[18,191,241,2]
[50,210,180,4]
[72,182,76,6]
[107,180,34,8]
[204,142,71,10]
[162,81,90,12]
[117,33,62,14]
[68,65,198,0]
[37,176,225,2]
[30,228,204,4]
[17,179,121,6]
[97,171,107,8]
[209,132,86,10]
[211,65,60,12]
[159,41,66,14]
[15,0,192,0]
[37,161,225,2]
[19,227,192,4]
[12,173,117,6]
[98,157,96,8]
[206,128,85,10]
[170,63,59,12]
[146,31,71,14]
[3,0,199,0]
[26,139,255,2]
[0,230,177,4]
[0,171,43,6]
[97,164,1,8]
[201,123,0,10]
[169,62,48,12]
[131,2,77,14]
